(kicad_pcb (version 20171130) (host pcbnew 5.1.8-db9833491~87~ubuntu20.04.1)

  (general
    (thickness 1.6)
    (drawings 4)
    (tracks 603)
    (zones 0)
    (modules 75)
    (nets 103)
  )

  (page A4)
  (title_block
    (title "Dev BOard")
    (rev V01)
    (comment 3 "License: MIT")
    (comment 4 "Author:Brenden Admaczak")
  )

  (layers
    (0 F.Cu signal)
    (31 B.Cu signal)
    (32 B.Adhes user hide)
    (33 F.Adhes user hide)
    (34 B.Paste user hide)
    (35 F.Paste user hide)
    (36 B.SilkS user)
    (37 F.SilkS user)
    (38 B.Mask user)
    (39 F.Mask user)
    (40 Dwgs.User user)
    (41 Cmts.User user)
    (42 Eco1.User user)
    (43 Eco2.User user)
    (44 Edge.Cuts user)
    (45 Margin user)
    (46 B.CrtYd user)
    (47 F.CrtYd user)
    (48 B.Fab user)
    (49 F.Fab user)
  )

  (setup
    (last_trace_width 0.25)
    (trace_clearance 0.2)
    (zone_clearance 0.508)
    (zone_45_only no)
    (trace_min 0.2)
    (via_size 0.8)
    (via_drill 0.4)
    (via_min_size 0.4)
    (via_min_drill 0.3)
    (uvia_size 0.3)
    (uvia_drill 0.1)
    (uvias_allowed no)
    (uvia_min_size 0.2)
    (uvia_min_drill 0.1)
    (edge_width 0.05)
    (segment_width 0.2)
    (pcb_text_width 0.3)
    (pcb_text_size 1.5 1.5)
    (mod_edge_width 0.12)
    (mod_text_size 1 1)
    (mod_text_width 0.15)
    (pad_size 1.524 1.524)
    (pad_drill 0.762)
    (pad_to_mask_clearance 0)
    (aux_axis_origin 0 0)
    (visible_elements FFFFFF7F)
    (pcbplotparams
      (layerselection 0x010f0_ffffffff)
      (usegerberextensions true)
      (usegerberattributes true)
      (usegerberadvancedattributes true)
      (creategerberjobfile true)
      (excludeedgelayer true)
      (linewidth 0.100000)
      (plotframeref false)
      (viasonmask false)
      (mode 1)
      (useauxorigin false)
      (hpglpennumber 1)
      (hpglpenspeed 20)
      (hpglpendiameter 15.000000)
      (psnegative false)
      (psa4output false)
      (plotreference true)
      (plotvalue false)
      (plotinvisibletext false)
      (padsonsilk false)
      (subtractmaskfromsilk false)
      (outputformat 1)
      (mirror false)
      (drillshape 0)
      (scaleselection 1)
      (outputdirectory "Gerbers/"))
  )

  (net 0 "")
  (net 1 "Net-(J2-Pad4)")
  (net 2 GND)
  (net 3 /NRST)
  (net 4 G_3.3)
  (net 5 /VCC_3_3A)
  (net 6 /OPAMP2_VOUT)
  (net 7 /Audio/OPAMP2_VINM)
  (net 8 /Audio/OPAMP1_VINM)
  (net 9 /Audio/OPAMP1_VOUT)
  (net 10 "Net-(D1-Pad2)")
  (net 11 /FS_DM)
  (net 12 /FS_DP)
  (net 13 "Net-(D2-Pad4)")
  (net 14 "Net-(D2-Pad5)")
  (net 15 "Net-(D2-Pad6)")
  (net 16 /SWCLK)
  (net 17 /SWDIO)
  (net 18 /TRACESWO)
  (net 19 G_5V)
  (net 20 /DebugUartTX)
  (net 21 /DebugUartRX)
  (net 22 /DebugPort1)
  (net 23 /DebugPort2)
  (net 24 /DebugPort3)
  (net 25 /DebugPort4)
  (net 26 "Net-(J4-Pad4)")
  (net 27 "Net-(J4-Pad1)")
  (net 28 "Net-(J4-Pad5)")
  (net 29 "Net-(J4-Pad3)")
  (net 30 "Net-(J5-Pad3)")
  (net 31 /Keyboard_CLK)
  (net 32 /Keyboard_DATA)
  (net 33 "Net-(J6-Pad6)")
  (net 34 "Net-(J6-Pad2)")
  (net 35 /PS2_MISO)
  (net 36 /PS2_MOSI)
  (net 37 "Net-(J7-Pad3)")
  (net 38 /PS2_CS)
  (net 39 /PS2_SCK)
  (net 40 /PS2_AWK)
  (net 41 "Net-(J8-Pad3)")
  (net 42 "Net-(J9-Pad3)")
  (net 43 /Audio/ASignal8)
  (net 44 "Net-(J10-Pad3)")
  (net 45 /Audio/ASignal6)
  (net 46 "Net-(J10-Pad6)")
  (net 47 /ASignal4)
  (net 48 "Net-(J10-Pad9)")
  (net 49 /ASignal2)
  (net 50 "Net-(J10-Pad12)")
  (net 51 "Net-(J10-Pad13)")
  (net 52 "Net-(J10-Pad14)")
  (net 53 /Audio/ASignal7)
  (net 54 "Net-(J10-Pad17)")
  (net 55 /Audio/ASignal5)
  (net 56 "Net-(J10-Pad20)")
  (net 57 /ASignal3)
  (net 58 "Net-(J10-Pad23)")
  (net 59 /ASignal1)
  (net 60 "Net-(J10-Pad0)")
  (net 61 "Net-(J13-Pad3)")
  (net 62 "Net-(J13-Pad4)")
  (net 63 "Net-(J15-Pad3)")
  (net 64 "Net-(J15-Pad4)")
  (net 65 "Net-(J17-Pad4)")
  (net 66 "Net-(J17-Pad3)")
  (net 67 "Net-(J19-Pad4)")
  (net 68 "Net-(J19-Pad3)")
  (net 69 "Net-(J21-Pad4)")
  (net 70 "Net-(J21-Pad3)")
  (net 71 "Net-(J23-Pad3)")
  (net 72 "Net-(J23-Pad4)")
  (net 73 "Net-(J25-Pad4)")
  (net 74 "Net-(J25-Pad3)")
  (net 75 "Net-(J27-Pad3)")
  (net 76 "Net-(J27-Pad4)")
  (net 77 "Net-(J29-Pad4)")
  (net 78 /Audio/ASignal9)
  (net 79 "Net-(J29-Pad3)")
  (net 80 "Net-(J31-Pad3)")
  (net 81 /ASignal10)
  (net 82 "Net-(J31-Pad4)")
  (net 83 "Net-(R1-Pad1)")
  (net 84 /MIDI_UART)
  (net 85 "Net-(U1-Pad4)")
  (net 86 "Net-(U1-Pad5)")
  (net 87 "Net-(U1-Pad6)")
  (net 88 "Net-(U1-Pad25)")
  (net 89 "Net-(U1-Pad27)")
  (net 90 "Net-(U1-Pad28)")
  (net 91 "Net-(U1-Pad30)")
  (net 92 "Net-(U1-Pad37)")
  (net 93 "Net-(U1-Pad38)")
  (net 94 "Net-(U1-Pad39)")
  (net 95 "Net-(U1-Pad40)")
  (net 96 "Net-(U1-Pad41)")
  (net 97 "Net-(U1-Pad42)")
  (net 98 "Net-(U1-Pad43)")
  (net 99 "Net-(U1-Pad50)")
  (net 100 "Net-(U1-Pad54)")
  (net 101 "Net-(U1-Pad56)")
  (net 102 "Net-(U1-Pad57)")

  (net_class Default "This is the default net class."
    (clearance 0.2)
    (trace_width 0.25)
    (via_dia 0.8)
    (via_drill 0.4)
    (uvia_dia 0.3)
    (uvia_drill 0.1)
    (add_net /ASignal1)
    (add_net /ASignal10)
    (add_net /ASignal2)
    (add_net /ASignal3)
    (add_net /ASignal4)
    (add_net /Audio/ASignal5)
    (add_net /Audio/ASignal6)
    (add_net /Audio/ASignal7)
    (add_net /Audio/ASignal8)
    (add_net /Audio/ASignal9)
    (add_net /Audio/OPAMP1_VINM)
    (add_net /Audio/OPAMP1_VOUT)
    (add_net /Audio/OPAMP2_VINM)
    (add_net /DebugPort1)
    (add_net /DebugPort2)
    (add_net /DebugPort3)
    (add_net /DebugPort4)
    (add_net /DebugUartRX)
    (add_net /DebugUartTX)
    (add_net /FS_DM)
    (add_net /FS_DP)
    (add_net /Keyboard_CLK)
    (add_net /Keyboard_DATA)
    (add_net /MIDI_UART)
    (add_net /NRST)
    (add_net /OPAMP2_VOUT)
    (add_net /PS2_AWK)
    (add_net /PS2_CS)
    (add_net /PS2_MISO)
    (add_net /PS2_MOSI)
    (add_net /PS2_SCK)
    (add_net /SWCLK)
    (add_net /SWDIO)
    (add_net /TRACESWO)
    (add_net /VCC_3_3A)
    (add_net GND)
    (add_net G_3.3)
    (add_net G_5V)
    (add_net "Net-(D1-Pad2)")
    (add_net "Net-(D2-Pad4)")
    (add_net "Net-(D2-Pad5)")
    (add_net "Net-(D2-Pad6)")
    (add_net "Net-(J10-Pad0)")
    (add_net "Net-(J10-Pad12)")
    (add_net "Net-(J10-Pad13)")
    (add_net "Net-(J10-Pad14)")
    (add_net "Net-(J10-Pad17)")
    (add_net "Net-(J10-Pad20)")
    (add_net "Net-(J10-Pad23)")
    (add_net "Net-(J10-Pad3)")
    (add_net "Net-(J10-Pad6)")
    (add_net "Net-(J10-Pad9)")
    (add_net "Net-(J13-Pad3)")
    (add_net "Net-(J13-Pad4)")
    (add_net "Net-(J15-Pad3)")
    (add_net "Net-(J15-Pad4)")
    (add_net "Net-(J17-Pad3)")
    (add_net "Net-(J17-Pad4)")
    (add_net "Net-(J19-Pad3)")
    (add_net "Net-(J19-Pad4)")
    (add_net "Net-(J2-Pad4)")
    (add_net "Net-(J21-Pad3)")
    (add_net "Net-(J21-Pad4)")
    (add_net "Net-(J23-Pad3)")
    (add_net "Net-(J23-Pad4)")
    (add_net "Net-(J25-Pad3)")
    (add_net "Net-(J25-Pad4)")
    (add_net "Net-(J27-Pad3)")
    (add_net "Net-(J27-Pad4)")
    (add_net "Net-(J29-Pad3)")
    (add_net "Net-(J29-Pad4)")
    (add_net "Net-(J31-Pad3)")
    (add_net "Net-(J31-Pad4)")
    (add_net "Net-(J4-Pad1)")
    (add_net "Net-(J4-Pad3)")
    (add_net "Net-(J4-Pad4)")
    (add_net "Net-(J4-Pad5)")
    (add_net "Net-(J5-Pad3)")
    (add_net "Net-(J6-Pad2)")
    (add_net "Net-(J6-Pad6)")
    (add_net "Net-(J7-Pad3)")
    (add_net "Net-(J8-Pad3)")
    (add_net "Net-(J9-Pad3)")
    (add_net "Net-(R1-Pad1)")
    (add_net "Net-(U1-Pad25)")
    (add_net "Net-(U1-Pad27)")
    (add_net "Net-(U1-Pad28)")
    (add_net "Net-(U1-Pad30)")
    (add_net "Net-(U1-Pad37)")
    (add_net "Net-(U1-Pad38)")
    (add_net "Net-(U1-Pad39)")
    (add_net "Net-(U1-Pad4)")
    (add_net "Net-(U1-Pad40)")
    (add_net "Net-(U1-Pad41)")
    (add_net "Net-(U1-Pad42)")
    (add_net "Net-(U1-Pad43)")
    (add_net "Net-(U1-Pad5)")
    (add_net "Net-(U1-Pad50)")
    (add_net "Net-(U1-Pad54)")
    (add_net "Net-(U1-Pad56)")
    (add_net "Net-(U1-Pad57)")
    (add_net "Net-(U1-Pad6)")
  )

  (module Capacitor_SMD:C_0603_1608Metric (layer F.Cu) (tedit 5F68FEEE) (tstamp 5FBE4795)
    (at 61.735 72.39 270)
    (descr "Capacitor SMD 0603 (1608 Metric), square (rectangular) end terminal, IPC_7351 nominal, (Body size source: IPC-SM-782 page 76, https://www.pcb-3d.com/wordpress/wp-content/uploads/ipc-sm-782a_amendment_1_and_2.pdf), generated with kicad-footprint-generator")
    (tags capacitor)
    (path /5FBC92F1)
    (attr smd)
    (fp_text reference C1 (at 0 -1.43 90) (layer F.SilkS)
      (effects (font (size 1 1) (thickness 0.15)))
    )
    (fp_text value "CAP 0.1 uF" (at 0 1.43 90) (layer F.Fab)
      (effects (font (size 1 1) (thickness 0.15)))
    )
    (fp_line (start -0.8 0.4) (end -0.8 -0.4) (layer F.Fab) (width 0.1))
    (fp_line (start -0.8 -0.4) (end 0.8 -0.4) (layer F.Fab) (width 0.1))
    (fp_line (start 0.8 -0.4) (end 0.8 0.4) (layer F.Fab) (width 0.1))
    (fp_line (start 0.8 0.4) (end -0.8 0.4) (layer F.Fab) (width 0.1))
    (fp_line (start -0.14058 -0.51) (end 0.14058 -0.51) (layer F.SilkS) (width 0.12))
    (fp_line (start -0.14058 0.51) (end 0.14058 0.51) (layer F.SilkS) (width 0.12))
    (fp_line (start -1.48 0.73) (end -1.48 -0.73) (layer F.CrtYd) (width 0.05))
    (fp_line (start -1.48 -0.73) (end 1.48 -0.73) (layer F.CrtYd) (width 0.05))
    (fp_line (start 1.48 -0.73) (end 1.48 0.73) (layer F.CrtYd) (width 0.05))
    (fp_line (start 1.48 0.73) (end -1.48 0.73) (layer F.CrtYd) (width 0.05))
    (fp_text user %R (at 0 0 90) (layer F.Fab)
      (effects (font (size 0.4 0.4) (thickness 0.06)))
    )
    (pad 2 smd roundrect (at 0.775 0 270) (size 0.9 0.95) (layers F.Cu F.Paste F.Mask) (roundrect_rratio 0.25)
      (net 2 GND))
    (pad 1 smd roundrect (at -0.775 0 270) (size 0.9 0.95) (layers F.Cu F.Paste F.Mask) (roundrect_rratio 0.25)
      (net 3 /NRST))
    (model ${KISYS3DMOD}/Capacitor_SMD.3dshapes/C_0603_1608Metric.wrl
      (at (xyz 0 0 0))
      (scale (xyz 1 1 1))
      (rotate (xyz 0 0 0))
    )
  )

  (module Capacitor_SMD:C_0603_1608Metric (layer F.Cu) (tedit 5F68FEEE) (tstamp 5FBE47A6)
    (at 80.01 68.58 270)
    (descr "Capacitor SMD 0603 (1608 Metric), square (rectangular) end terminal, IPC_7351 nominal, (Body size source: IPC-SM-782 page 76, https://www.pcb-3d.com/wordpress/wp-content/uploads/ipc-sm-782a_amendment_1_and_2.pdf), generated with kicad-footprint-generator")
    (tags capacitor)
    (path /5FBE06C3)
    (attr smd)
    (fp_text reference C2 (at 0 -1.43 90) (layer F.SilkS)
      (effects (font (size 1 1) (thickness 0.15)))
    )
    (fp_text value "CAP 0.1 uf" (at 0 1.43 90) (layer F.Fab)
      (effects (font (size 1 1) (thickness 0.15)))
    )
    (fp_line (start -0.8 0.4) (end -0.8 -0.4) (layer F.Fab) (width 0.1))
    (fp_line (start -0.8 -0.4) (end 0.8 -0.4) (layer F.Fab) (width 0.1))
    (fp_line (start 0.8 -0.4) (end 0.8 0.4) (layer F.Fab) (width 0.1))
    (fp_line (start 0.8 0.4) (end -0.8 0.4) (layer F.Fab) (width 0.1))
    (fp_line (start -0.14058 -0.51) (end 0.14058 -0.51) (layer F.SilkS) (width 0.12))
    (fp_line (start -0.14058 0.51) (end 0.14058 0.51) (layer F.SilkS) (width 0.12))
    (fp_line (start -1.48 0.73) (end -1.48 -0.73) (layer F.CrtYd) (width 0.05))
    (fp_line (start -1.48 -0.73) (end 1.48 -0.73) (layer F.CrtYd) (width 0.05))
    (fp_line (start 1.48 -0.73) (end 1.48 0.73) (layer F.CrtYd) (width 0.05))
    (fp_line (start 1.48 0.73) (end -1.48 0.73) (layer F.CrtYd) (width 0.05))
    (fp_text user %R (at 0 0 90) (layer F.Fab)
      (effects (font (size 0.4 0.4) (thickness 0.06)))
    )
    (pad 2 smd roundrect (at 0.775 0 270) (size 0.9 0.95) (layers F.Cu F.Paste F.Mask) (roundrect_rratio 0.25)
      (net 2 GND))
    (pad 1 smd roundrect (at -0.775 0 270) (size 0.9 0.95) (layers F.Cu F.Paste F.Mask) (roundrect_rratio 0.25)
      (net 4 G_3.3))
    (model ${KISYS3DMOD}/Capacitor_SMD.3dshapes/C_0603_1608Metric.wrl
      (at (xyz 0 0 0))
      (scale (xyz 1 1 1))
      (rotate (xyz 0 0 0))
    )
  )

  (module Capacitor_SMD:C_0603_1608Metric (layer F.Cu) (tedit 5F68FEEE) (tstamp 5FBE47B7)
    (at 67.805 81.28 180)
    (descr "Capacitor SMD 0603 (1608 Metric), square (rectangular) end terminal, IPC_7351 nominal, (Body size source: IPC-SM-782 page 76, https://www.pcb-3d.com/wordpress/wp-content/uploads/ipc-sm-782a_amendment_1_and_2.pdf), generated with kicad-footprint-generator")
    (tags capacitor)
    (path /5FBE11CA)
    (attr smd)
    (fp_text reference C3 (at 0 -1.43) (layer F.SilkS)
      (effects (font (size 1 1) (thickness 0.15)))
    )
    (fp_text value "CAP 0.1 uf" (at 0 1.43) (layer F.Fab)
      (effects (font (size 1 1) (thickness 0.15)))
    )
    (fp_line (start -0.8 0.4) (end -0.8 -0.4) (layer F.Fab) (width 0.1))
    (fp_line (start -0.8 -0.4) (end 0.8 -0.4) (layer F.Fab) (width 0.1))
    (fp_line (start 0.8 -0.4) (end 0.8 0.4) (layer F.Fab) (width 0.1))
    (fp_line (start 0.8 0.4) (end -0.8 0.4) (layer F.Fab) (width 0.1))
    (fp_line (start -0.14058 -0.51) (end 0.14058 -0.51) (layer F.SilkS) (width 0.12))
    (fp_line (start -0.14058 0.51) (end 0.14058 0.51) (layer F.SilkS) (width 0.12))
    (fp_line (start -1.48 0.73) (end -1.48 -0.73) (layer F.CrtYd) (width 0.05))
    (fp_line (start -1.48 -0.73) (end 1.48 -0.73) (layer F.CrtYd) (width 0.05))
    (fp_line (start 1.48 -0.73) (end 1.48 0.73) (layer F.CrtYd) (width 0.05))
    (fp_line (start 1.48 0.73) (end -1.48 0.73) (layer F.CrtYd) (width 0.05))
    (fp_text user %R (at 0 0) (layer F.Fab)
      (effects (font (size 0.4 0.4) (thickness 0.06)))
    )
    (pad 2 smd roundrect (at 0.775 0 180) (size 0.9 0.95) (layers F.Cu F.Paste F.Mask) (roundrect_rratio 0.25)
      (net 2 GND))
    (pad 1 smd roundrect (at -0.775 0 180) (size 0.9 0.95) (layers F.Cu F.Paste F.Mask) (roundrect_rratio 0.25)
      (net 4 G_3.3))
    (model ${KISYS3DMOD}/Capacitor_SMD.3dshapes/C_0603_1608Metric.wrl
      (at (xyz 0 0 0))
      (scale (xyz 1 1 1))
      (rotate (xyz 0 0 0))
    )
  )

  (module Capacitor_SMD:C_0603_1608Metric (layer F.Cu) (tedit 5F68FEEE) (tstamp 5FBE47C8)
    (at 66.815 63.5)
    (descr "Capacitor SMD 0603 (1608 Metric), square (rectangular) end terminal, IPC_7351 nominal, (Body size source: IPC-SM-782 page 76, https://www.pcb-3d.com/wordpress/wp-content/uploads/ipc-sm-782a_amendment_1_and_2.pdf), generated with kicad-footprint-generator")
    (tags capacitor)
    (path /5FBE1D68)
    (attr smd)
    (fp_text reference C4 (at 0 -1.43) (layer F.SilkS)
      (effects (font (size 1 1) (thickness 0.15)))
    )
    (fp_text value "CAP 0.1 uf" (at 0 1.43) (layer F.Fab)
      (effects (font (size 1 1) (thickness 0.15)))
    )
    (fp_line (start 1.48 0.73) (end -1.48 0.73) (layer F.CrtYd) (width 0.05))
    (fp_line (start 1.48 -0.73) (end 1.48 0.73) (layer F.CrtYd) (width 0.05))
    (fp_line (start -1.48 -0.73) (end 1.48 -0.73) (layer F.CrtYd) (width 0.05))
    (fp_line (start -1.48 0.73) (end -1.48 -0.73) (layer F.CrtYd) (width 0.05))
    (fp_line (start -0.14058 0.51) (end 0.14058 0.51) (layer F.SilkS) (width 0.12))
    (fp_line (start -0.14058 -0.51) (end 0.14058 -0.51) (layer F.SilkS) (width 0.12))
    (fp_line (start 0.8 0.4) (end -0.8 0.4) (layer F.Fab) (width 0.1))
    (fp_line (start 0.8 -0.4) (end 0.8 0.4) (layer F.Fab) (width 0.1))
    (fp_line (start -0.8 -0.4) (end 0.8 -0.4) (layer F.Fab) (width 0.1))
    (fp_line (start -0.8 0.4) (end -0.8 -0.4) (layer F.Fab) (width 0.1))
    (fp_text user %R (at 0 0) (layer F.Fab)
      (effects (font (size 0.4 0.4) (thickness 0.06)))
    )
    (pad 1 smd roundrect (at -0.775 0) (size 0.9 0.95) (layers F.Cu F.Paste F.Mask) (roundrect_rratio 0.25)
      (net 4 G_3.3))
    (pad 2 smd roundrect (at 0.775 0) (size 0.9 0.95) (layers F.Cu F.Paste F.Mask) (roundrect_rratio 0.25)
      (net 2 GND))
    (model ${KISYS3DMOD}/Capacitor_SMD.3dshapes/C_0603_1608Metric.wrl
      (at (xyz 0 0 0))
      (scale (xyz 1 1 1))
      (rotate (xyz 0 0 0))
    )
  )

  (module Capacitor_SMD:C_0603_1608Metric (layer F.Cu) (tedit 5F68FEEE) (tstamp 5FBE47D9)
    (at 45.72 74.93 270)
    (descr "Capacitor SMD 0603 (1608 Metric), square (rectangular) end terminal, IPC_7351 nominal, (Body size source: IPC-SM-782 page 76, https://www.pcb-3d.com/wordpress/wp-content/uploads/ipc-sm-782a_amendment_1_and_2.pdf), generated with kicad-footprint-generator")
    (tags capacitor)
    (path /5FBEE7F4)
    (attr smd)
    (fp_text reference C5 (at 0 -1.43 90) (layer F.SilkS)
      (effects (font (size 1 1) (thickness 0.15)))
    )
    (fp_text value "CAP 100nF1" (at 0 1.43 90) (layer F.Fab)
      (effects (font (size 1 1) (thickness 0.15)))
    )
    (fp_line (start 1.48 0.73) (end -1.48 0.73) (layer F.CrtYd) (width 0.05))
    (fp_line (start 1.48 -0.73) (end 1.48 0.73) (layer F.CrtYd) (width 0.05))
    (fp_line (start -1.48 -0.73) (end 1.48 -0.73) (layer F.CrtYd) (width 0.05))
    (fp_line (start -1.48 0.73) (end -1.48 -0.73) (layer F.CrtYd) (width 0.05))
    (fp_line (start -0.14058 0.51) (end 0.14058 0.51) (layer F.SilkS) (width 0.12))
    (fp_line (start -0.14058 -0.51) (end 0.14058 -0.51) (layer F.SilkS) (width 0.12))
    (fp_line (start 0.8 0.4) (end -0.8 0.4) (layer F.Fab) (width 0.1))
    (fp_line (start 0.8 -0.4) (end 0.8 0.4) (layer F.Fab) (width 0.1))
    (fp_line (start -0.8 -0.4) (end 0.8 -0.4) (layer F.Fab) (width 0.1))
    (fp_line (start -0.8 0.4) (end -0.8 -0.4) (layer F.Fab) (width 0.1))
    (fp_text user %R (at 0 0 90) (layer F.Fab)
      (effects (font (size 0.4 0.4) (thickness 0.06)))
    )
    (pad 1 smd roundrect (at -0.775 0 270) (size 0.9 0.95) (layers F.Cu F.Paste F.Mask) (roundrect_rratio 0.25)
      (net 2 GND))
    (pad 2 smd roundrect (at 0.775 0 270) (size 0.9 0.95) (layers F.Cu F.Paste F.Mask) (roundrect_rratio 0.25)
      (net 4 G_3.3))
    (model ${KISYS3DMOD}/Capacitor_SMD.3dshapes/C_0603_1608Metric.wrl
      (at (xyz 0 0 0))
      (scale (xyz 1 1 1))
      (rotate (xyz 0 0 0))
    )
  )

  (module Capacitor_SMD:C_0603_1608Metric (layer F.Cu) (tedit 5F68FEEE) (tstamp 5FBE47EA)
    (at 41.91 79.515 90)
    (descr "Capacitor SMD 0603 (1608 Metric), square (rectangular) end terminal, IPC_7351 nominal, (Body size source: IPC-SM-782 page 76, https://www.pcb-3d.com/wordpress/wp-content/uploads/ipc-sm-782a_amendment_1_and_2.pdf), generated with kicad-footprint-generator")
    (tags capacitor)
    (path /5FBCCFC7)
    (attr smd)
    (fp_text reference C6 (at 0 -1.43 90) (layer F.SilkS)
      (effects (font (size 1 1) (thickness 0.15)))
    )
    (fp_text value "1uF1 CAP " (at 0 1.43 90) (layer F.Fab)
      (effects (font (size 1 1) (thickness 0.15)))
    )
    (fp_line (start -0.8 0.4) (end -0.8 -0.4) (layer F.Fab) (width 0.1))
    (fp_line (start -0.8 -0.4) (end 0.8 -0.4) (layer F.Fab) (width 0.1))
    (fp_line (start 0.8 -0.4) (end 0.8 0.4) (layer F.Fab) (width 0.1))
    (fp_line (start 0.8 0.4) (end -0.8 0.4) (layer F.Fab) (width 0.1))
    (fp_line (start -0.14058 -0.51) (end 0.14058 -0.51) (layer F.SilkS) (width 0.12))
    (fp_line (start -0.14058 0.51) (end 0.14058 0.51) (layer F.SilkS) (width 0.12))
    (fp_line (start -1.48 0.73) (end -1.48 -0.73) (layer F.CrtYd) (width 0.05))
    (fp_line (start -1.48 -0.73) (end 1.48 -0.73) (layer F.CrtYd) (width 0.05))
    (fp_line (start 1.48 -0.73) (end 1.48 0.73) (layer F.CrtYd) (width 0.05))
    (fp_line (start 1.48 0.73) (end -1.48 0.73) (layer F.CrtYd) (width 0.05))
    (fp_text user %R (at 0 0 90) (layer F.Fab)
      (effects (font (size 0.4 0.4) (thickness 0.06)))
    )
    (pad 2 smd roundrect (at 0.775 0 90) (size 0.9 0.95) (layers F.Cu F.Paste F.Mask) (roundrect_rratio 0.25)
      (net 2 GND))
    (pad 1 smd roundrect (at -0.775 0 90) (size 0.9 0.95) (layers F.Cu F.Paste F.Mask) (roundrect_rratio 0.25)
      (net 5 /VCC_3_3A))
    (model ${KISYS3DMOD}/Capacitor_SMD.3dshapes/C_0603_1608Metric.wrl
      (at (xyz 0 0 0))
      (scale (xyz 1 1 1))
      (rotate (xyz 0 0 0))
    )
  )

  (module Capacitor_SMD:C_0603_1608Metric (layer F.Cu) (tedit 5F68FEEE) (tstamp 5FBE47FB)
    (at 75.705 81.28 180)
    (descr "Capacitor SMD 0603 (1608 Metric), square (rectangular) end terminal, IPC_7351 nominal, (Body size source: IPC-SM-782 page 76, https://www.pcb-3d.com/wordpress/wp-content/uploads/ipc-sm-782a_amendment_1_and_2.pdf), generated with kicad-footprint-generator")
    (tags capacitor)
    (path /5FBE3764)
    (attr smd)
    (fp_text reference C7 (at 0 -1.43) (layer F.SilkS)
      (effects (font (size 1 1) (thickness 0.15)))
    )
    (fp_text value "CAP 0.1 uf" (at 0 1.43) (layer F.Fab)
      (effects (font (size 1 1) (thickness 0.15)))
    )
    (fp_line (start 1.48 0.73) (end -1.48 0.73) (layer F.CrtYd) (width 0.05))
    (fp_line (start 1.48 -0.73) (end 1.48 0.73) (layer F.CrtYd) (width 0.05))
    (fp_line (start -1.48 -0.73) (end 1.48 -0.73) (layer F.CrtYd) (width 0.05))
    (fp_line (start -1.48 0.73) (end -1.48 -0.73) (layer F.CrtYd) (width 0.05))
    (fp_line (start -0.14058 0.51) (end 0.14058 0.51) (layer F.SilkS) (width 0.12))
    (fp_line (start -0.14058 -0.51) (end 0.14058 -0.51) (layer F.SilkS) (width 0.12))
    (fp_line (start 0.8 0.4) (end -0.8 0.4) (layer F.Fab) (width 0.1))
    (fp_line (start 0.8 -0.4) (end 0.8 0.4) (layer F.Fab) (width 0.1))
    (fp_line (start -0.8 -0.4) (end 0.8 -0.4) (layer F.Fab) (width 0.1))
    (fp_line (start -0.8 0.4) (end -0.8 -0.4) (layer F.Fab) (width 0.1))
    (fp_text user %R (at 0 0) (layer F.Fab)
      (effects (font (size 0.4 0.4) (thickness 0.06)))
    )
    (pad 1 smd roundrect (at -0.775 0 180) (size 0.9 0.95) (layers F.Cu F.Paste F.Mask) (roundrect_rratio 0.25)
      (net 4 G_3.3))
    (pad 2 smd roundrect (at 0.775 0 180) (size 0.9 0.95) (layers F.Cu F.Paste F.Mask) (roundrect_rratio 0.25)
      (net 2 GND))
    (model ${KISYS3DMOD}/Capacitor_SMD.3dshapes/C_0603_1608Metric.wrl
      (at (xyz 0 0 0))
      (scale (xyz 1 1 1))
      (rotate (xyz 0 0 0))
    )
  )

  (module Capacitor_SMD:C_0603_1608Metric (layer F.Cu) (tedit 5F68FEEE) (tstamp 5FBE480C)
    (at 62.23 66.04 270)
    (descr "Capacitor SMD 0603 (1608 Metric), square (rectangular) end terminal, IPC_7351 nominal, (Body size source: IPC-SM-782 page 76, https://www.pcb-3d.com/wordpress/wp-content/uploads/ipc-sm-782a_amendment_1_and_2.pdf), generated with kicad-footprint-generator")
    (tags capacitor)
    (path /5FBE9638)
    (attr smd)
    (fp_text reference C8 (at 0 -1.43 90) (layer F.SilkS)
      (effects (font (size 1 1) (thickness 0.15)))
    )
    (fp_text value "CAP 0.1 uf" (at 0 1.43 90) (layer F.Fab)
      (effects (font (size 1 1) (thickness 0.15)))
    )
    (fp_line (start 1.48 0.73) (end -1.48 0.73) (layer F.CrtYd) (width 0.05))
    (fp_line (start 1.48 -0.73) (end 1.48 0.73) (layer F.CrtYd) (width 0.05))
    (fp_line (start -1.48 -0.73) (end 1.48 -0.73) (layer F.CrtYd) (width 0.05))
    (fp_line (start -1.48 0.73) (end -1.48 -0.73) (layer F.CrtYd) (width 0.05))
    (fp_line (start -0.14058 0.51) (end 0.14058 0.51) (layer F.SilkS) (width 0.12))
    (fp_line (start -0.14058 -0.51) (end 0.14058 -0.51) (layer F.SilkS) (width 0.12))
    (fp_line (start 0.8 0.4) (end -0.8 0.4) (layer F.Fab) (width 0.1))
    (fp_line (start 0.8 -0.4) (end 0.8 0.4) (layer F.Fab) (width 0.1))
    (fp_line (start -0.8 -0.4) (end 0.8 -0.4) (layer F.Fab) (width 0.1))
    (fp_line (start -0.8 0.4) (end -0.8 -0.4) (layer F.Fab) (width 0.1))
    (fp_text user %R (at 0 0 90) (layer F.Fab)
      (effects (font (size 0.4 0.4) (thickness 0.06)))
    )
    (pad 1 smd roundrect (at -0.775 0 270) (size 0.9 0.95) (layers F.Cu F.Paste F.Mask) (roundrect_rratio 0.25)
      (net 2 GND))
    (pad 2 smd roundrect (at 0.775 0 270) (size 0.9 0.95) (layers F.Cu F.Paste F.Mask) (roundrect_rratio 0.25)
      (net 4 G_3.3))
    (model ${KISYS3DMOD}/Capacitor_SMD.3dshapes/C_0603_1608Metric.wrl
      (at (xyz 0 0 0))
      (scale (xyz 1 1 1))
      (rotate (xyz 0 0 0))
    )
  )

  (module Capacitor_SMD:C_0603_1608Metric (layer F.Cu) (tedit 5F68FEEE) (tstamp 5FBE481D)
    (at 45.72 79.515 90)
    (descr "Capacitor SMD 0603 (1608 Metric), square (rectangular) end terminal, IPC_7351 nominal, (Body size source: IPC-SM-782 page 76, https://www.pcb-3d.com/wordpress/wp-content/uploads/ipc-sm-782a_amendment_1_and_2.pdf), generated with kicad-footprint-generator")
    (tags capacitor)
    (path /5FBCF900)
    (attr smd)
    (fp_text reference C9 (at 0 -1.43 90) (layer F.SilkS)
      (effects (font (size 1 1) (thickness 0.15)))
    )
    (fp_text value "10nF1 CAP" (at 0 1.43 90) (layer F.Fab)
      (effects (font (size 1 1) (thickness 0.15)))
    )
    (fp_line (start -0.8 0.4) (end -0.8 -0.4) (layer F.Fab) (width 0.1))
    (fp_line (start -0.8 -0.4) (end 0.8 -0.4) (layer F.Fab) (width 0.1))
    (fp_line (start 0.8 -0.4) (end 0.8 0.4) (layer F.Fab) (width 0.1))
    (fp_line (start 0.8 0.4) (end -0.8 0.4) (layer F.Fab) (width 0.1))
    (fp_line (start -0.14058 -0.51) (end 0.14058 -0.51) (layer F.SilkS) (width 0.12))
    (fp_line (start -0.14058 0.51) (end 0.14058 0.51) (layer F.SilkS) (width 0.12))
    (fp_line (start -1.48 0.73) (end -1.48 -0.73) (layer F.CrtYd) (width 0.05))
    (fp_line (start -1.48 -0.73) (end 1.48 -0.73) (layer F.CrtYd) (width 0.05))
    (fp_line (start 1.48 -0.73) (end 1.48 0.73) (layer F.CrtYd) (width 0.05))
    (fp_line (start 1.48 0.73) (end -1.48 0.73) (layer F.CrtYd) (width 0.05))
    (fp_text user %R (at 0 0 90) (layer F.Fab)
      (effects (font (size 0.4 0.4) (thickness 0.06)))
    )
    (pad 2 smd roundrect (at 0.775 0 90) (size 0.9 0.95) (layers F.Cu F.Paste F.Mask) (roundrect_rratio 0.25)
      (net 2 GND))
    (pad 1 smd roundrect (at -0.775 0 90) (size 0.9 0.95) (layers F.Cu F.Paste F.Mask) (roundrect_rratio 0.25)
      (net 5 /VCC_3_3A))
    (model ${KISYS3DMOD}/Capacitor_SMD.3dshapes/C_0603_1608Metric.wrl
      (at (xyz 0 0 0))
      (scale (xyz 1 1 1))
      (rotate (xyz 0 0 0))
    )
  )

  (module Capacitor_SMD:C_0603_1608Metric (layer F.Cu) (tedit 5F68FEEE) (tstamp 5FBE482E)
    (at 41.91 74.93 270)
    (descr "Capacitor SMD 0603 (1608 Metric), square (rectangular) end terminal, IPC_7351 nominal, (Body size source: IPC-SM-782 page 76, https://www.pcb-3d.com/wordpress/wp-content/uploads/ipc-sm-782a_amendment_1_and_2.pdf), generated with kicad-footprint-generator")
    (tags capacitor)
    (path /5FBEE121)
    (attr smd)
    (fp_text reference C10 (at 0 -1.43 90) (layer F.SilkS)
      (effects (font (size 1 1) (thickness 0.15)))
    )
    (fp_text value "CAP 100nF1" (at 0 1.43 90) (layer F.Fab)
      (effects (font (size 1 1) (thickness 0.15)))
    )
    (fp_line (start 1.48 0.73) (end -1.48 0.73) (layer F.CrtYd) (width 0.05))
    (fp_line (start 1.48 -0.73) (end 1.48 0.73) (layer F.CrtYd) (width 0.05))
    (fp_line (start -1.48 -0.73) (end 1.48 -0.73) (layer F.CrtYd) (width 0.05))
    (fp_line (start -1.48 0.73) (end -1.48 -0.73) (layer F.CrtYd) (width 0.05))
    (fp_line (start -0.14058 0.51) (end 0.14058 0.51) (layer F.SilkS) (width 0.12))
    (fp_line (start -0.14058 -0.51) (end 0.14058 -0.51) (layer F.SilkS) (width 0.12))
    (fp_line (start 0.8 0.4) (end -0.8 0.4) (layer F.Fab) (width 0.1))
    (fp_line (start 0.8 -0.4) (end 0.8 0.4) (layer F.Fab) (width 0.1))
    (fp_line (start -0.8 -0.4) (end 0.8 -0.4) (layer F.Fab) (width 0.1))
    (fp_line (start -0.8 0.4) (end -0.8 -0.4) (layer F.Fab) (width 0.1))
    (fp_text user %R (at 0 0 90) (layer F.Fab)
      (effects (font (size 0.4 0.4) (thickness 0.06)))
    )
    (pad 1 smd roundrect (at -0.775 0 270) (size 0.9 0.95) (layers F.Cu F.Paste F.Mask) (roundrect_rratio 0.25)
      (net 2 GND))
    (pad 2 smd roundrect (at 0.775 0 270) (size 0.9 0.95) (layers F.Cu F.Paste F.Mask) (roundrect_rratio 0.25)
      (net 4 G_3.3))
    (model ${KISYS3DMOD}/Capacitor_SMD.3dshapes/C_0603_1608Metric.wrl
      (at (xyz 0 0 0))
      (scale (xyz 1 1 1))
      (rotate (xyz 0 0 0))
    )
  )

  (module Capacitor_THT:CP_Radial_D8.0mm_P3.50mm (layer F.Cu) (tedit 5AE50EF0) (tstamp 5FBE48D7)
    (at 113.03 153.67 90)
    (descr "CP, Radial series, Radial, pin pitch=3.50mm, , diameter=8mm, Electrolytic Capacitor")
    (tags "CP Radial series Radial pin pitch 3.50mm  diameter 8mm Electrolytic Capacitor")
    (path /5FBCFD33/5FBEBFAA)
    (fp_text reference C11 (at 1.75 -5.25 90) (layer F.SilkS)
      (effects (font (size 1 1) (thickness 0.15)))
    )
    (fp_text value CAP (at 1.75 5.25 90) (layer F.Fab)
      (effects (font (size 1 1) (thickness 0.15)))
    )
    (fp_line (start -2.259698 -2.715) (end -2.259698 -1.915) (layer F.SilkS) (width 0.12))
    (fp_line (start -2.659698 -2.315) (end -1.859698 -2.315) (layer F.SilkS) (width 0.12))
    (fp_line (start 5.831 -0.533) (end 5.831 0.533) (layer F.SilkS) (width 0.12))
    (fp_line (start 5.791 -0.768) (end 5.791 0.768) (layer F.SilkS) (width 0.12))
    (fp_line (start 5.751 -0.948) (end 5.751 0.948) (layer F.SilkS) (width 0.12))
    (fp_line (start 5.711 -1.098) (end 5.711 1.098) (layer F.SilkS) (width 0.12))
    (fp_line (start 5.671 -1.229) (end 5.671 1.229) (layer F.SilkS) (width 0.12))
    (fp_line (start 5.631 -1.346) (end 5.631 1.346) (layer F.SilkS) (width 0.12))
    (fp_line (start 5.591 -1.453) (end 5.591 1.453) (layer F.SilkS) (width 0.12))
    (fp_line (start 5.551 -1.552) (end 5.551 1.552) (layer F.SilkS) (width 0.12))
    (fp_line (start 5.511 -1.645) (end 5.511 1.645) (layer F.SilkS) (width 0.12))
    (fp_line (start 5.471 -1.731) (end 5.471 1.731) (layer F.SilkS) (width 0.12))
    (fp_line (start 5.431 -1.813) (end 5.431 1.813) (layer F.SilkS) (width 0.12))
    (fp_line (start 5.391 -1.89) (end 5.391 1.89) (layer F.SilkS) (width 0.12))
    (fp_line (start 5.351 -1.964) (end 5.351 1.964) (layer F.SilkS) (width 0.12))
    (fp_line (start 5.311 -2.034) (end 5.311 2.034) (layer F.SilkS) (width 0.12))
    (fp_line (start 5.271 -2.102) (end 5.271 2.102) (layer F.SilkS) (width 0.12))
    (fp_line (start 5.231 -2.166) (end 5.231 2.166) (layer F.SilkS) (width 0.12))
    (fp_line (start 5.191 -2.228) (end 5.191 2.228) (layer F.SilkS) (width 0.12))
    (fp_line (start 5.151 -2.287) (end 5.151 2.287) (layer F.SilkS) (width 0.12))
    (fp_line (start 5.111 -2.345) (end 5.111 2.345) (layer F.SilkS) (width 0.12))
    (fp_line (start 5.071 -2.4) (end 5.071 2.4) (layer F.SilkS) (width 0.12))
    (fp_line (start 5.031 -2.454) (end 5.031 2.454) (layer F.SilkS) (width 0.12))
    (fp_line (start 4.991 -2.505) (end 4.991 2.505) (layer F.SilkS) (width 0.12))
    (fp_line (start 4.951 -2.556) (end 4.951 2.556) (layer F.SilkS) (width 0.12))
    (fp_line (start 4.911 -2.604) (end 4.911 2.604) (layer F.SilkS) (width 0.12))
    (fp_line (start 4.871 -2.651) (end 4.871 2.651) (layer F.SilkS) (width 0.12))
    (fp_line (start 4.831 -2.697) (end 4.831 2.697) (layer F.SilkS) (width 0.12))
    (fp_line (start 4.791 -2.741) (end 4.791 2.741) (layer F.SilkS) (width 0.12))
    (fp_line (start 4.751 -2.784) (end 4.751 2.784) (layer F.SilkS) (width 0.12))
    (fp_line (start 4.711 -2.826) (end 4.711 2.826) (layer F.SilkS) (width 0.12))
    (fp_line (start 4.671 -2.867) (end 4.671 2.867) (layer F.SilkS) (width 0.12))
    (fp_line (start 4.631 -2.907) (end 4.631 2.907) (layer F.SilkS) (width 0.12))
    (fp_line (start 4.591 -2.945) (end 4.591 2.945) (layer F.SilkS) (width 0.12))
    (fp_line (start 4.551 -2.983) (end 4.551 2.983) (layer F.SilkS) (width 0.12))
    (fp_line (start 4.511 1.04) (end 4.511 3.019) (layer F.SilkS) (width 0.12))
    (fp_line (start 4.511 -3.019) (end 4.511 -1.04) (layer F.SilkS) (width 0.12))
    (fp_line (start 4.471 1.04) (end 4.471 3.055) (layer F.SilkS) (width 0.12))
    (fp_line (start 4.471 -3.055) (end 4.471 -1.04) (layer F.SilkS) (width 0.12))
    (fp_line (start 4.431 1.04) (end 4.431 3.09) (layer F.SilkS) (width 0.12))
    (fp_line (start 4.431 -3.09) (end 4.431 -1.04) (layer F.SilkS) (width 0.12))
    (fp_line (start 4.391 1.04) (end 4.391 3.124) (layer F.SilkS) (width 0.12))
    (fp_line (start 4.391 -3.124) (end 4.391 -1.04) (layer F.SilkS) (width 0.12))
    (fp_line (start 4.351 1.04) (end 4.351 3.156) (layer F.SilkS) (width 0.12))
    (fp_line (start 4.351 -3.156) (end 4.351 -1.04) (layer F.SilkS) (width 0.12))
    (fp_line (start 4.311 1.04) (end 4.311 3.189) (layer F.SilkS) (width 0.12))
    (fp_line (start 4.311 -3.189) (end 4.311 -1.04) (layer F.SilkS) (width 0.12))
    (fp_line (start 4.271 1.04) (end 4.271 3.22) (layer F.SilkS) (width 0.12))
    (fp_line (start 4.271 -3.22) (end 4.271 -1.04) (layer F.SilkS) (width 0.12))
    (fp_line (start 4.231 1.04) (end 4.231 3.25) (layer F.SilkS) (width 0.12))
    (fp_line (start 4.231 -3.25) (end 4.231 -1.04) (layer F.SilkS) (width 0.12))
    (fp_line (start 4.191 1.04) (end 4.191 3.28) (layer F.SilkS) (width 0.12))
    (fp_line (start 4.191 -3.28) (end 4.191 -1.04) (layer F.SilkS) (width 0.12))
    (fp_line (start 4.151 1.04) (end 4.151 3.309) (layer F.SilkS) (width 0.12))
    (fp_line (start 4.151 -3.309) (end 4.151 -1.04) (layer F.SilkS) (width 0.12))
    (fp_line (start 4.111 1.04) (end 4.111 3.338) (layer F.SilkS) (width 0.12))
    (fp_line (start 4.111 -3.338) (end 4.111 -1.04) (layer F.SilkS) (width 0.12))
    (fp_line (start 4.071 1.04) (end 4.071 3.365) (layer F.SilkS) (width 0.12))
    (fp_line (start 4.071 -3.365) (end 4.071 -1.04) (layer F.SilkS) (width 0.12))
    (fp_line (start 4.031 1.04) (end 4.031 3.392) (layer F.SilkS) (width 0.12))
    (fp_line (start 4.031 -3.392) (end 4.031 -1.04) (layer F.SilkS) (width 0.12))
    (fp_line (start 3.991 1.04) (end 3.991 3.418) (layer F.SilkS) (width 0.12))
    (fp_line (start 3.991 -3.418) (end 3.991 -1.04) (layer F.SilkS) (width 0.12))
    (fp_line (start 3.951 1.04) (end 3.951 3.444) (layer F.SilkS) (width 0.12))
    (fp_line (start 3.951 -3.444) (end 3.951 -1.04) (layer F.SilkS) (width 0.12))
    (fp_line (start 3.911 1.04) (end 3.911 3.469) (layer F.SilkS) (width 0.12))
    (fp_line (start 3.911 -3.469) (end 3.911 -1.04) (layer F.SilkS) (width 0.12))
    (fp_line (start 3.871 1.04) (end 3.871 3.493) (layer F.SilkS) (width 0.12))
    (fp_line (start 3.871 -3.493) (end 3.871 -1.04) (layer F.SilkS) (width 0.12))
    (fp_line (start 3.831 1.04) (end 3.831 3.517) (layer F.SilkS) (width 0.12))
    (fp_line (start 3.831 -3.517) (end 3.831 -1.04) (layer F.SilkS) (width 0.12))
    (fp_line (start 3.791 1.04) (end 3.791 3.54) (layer F.SilkS) (width 0.12))
    (fp_line (start 3.791 -3.54) (end 3.791 -1.04) (layer F.SilkS) (width 0.12))
    (fp_line (start 3.751 1.04) (end 3.751 3.562) (layer F.SilkS) (width 0.12))
    (fp_line (start 3.751 -3.562) (end 3.751 -1.04) (layer F.SilkS) (width 0.12))
    (fp_line (start 3.711 1.04) (end 3.711 3.584) (layer F.SilkS) (width 0.12))
    (fp_line (start 3.711 -3.584) (end 3.711 -1.04) (layer F.SilkS) (width 0.12))
    (fp_line (start 3.671 1.04) (end 3.671 3.606) (layer F.SilkS) (width 0.12))
    (fp_line (start 3.671 -3.606) (end 3.671 -1.04) (layer F.SilkS) (width 0.12))
    (fp_line (start 3.631 1.04) (end 3.631 3.627) (layer F.SilkS) (width 0.12))
    (fp_line (start 3.631 -3.627) (end 3.631 -1.04) (layer F.SilkS) (width 0.12))
    (fp_line (start 3.591 1.04) (end 3.591 3.647) (layer F.SilkS) (width 0.12))
    (fp_line (start 3.591 -3.647) (end 3.591 -1.04) (layer F.SilkS) (width 0.12))
    (fp_line (start 3.551 1.04) (end 3.551 3.666) (layer F.SilkS) (width 0.12))
    (fp_line (start 3.551 -3.666) (end 3.551 -1.04) (layer F.SilkS) (width 0.12))
    (fp_line (start 3.511 1.04) (end 3.511 3.686) (layer F.SilkS) (width 0.12))
    (fp_line (start 3.511 -3.686) (end 3.511 -1.04) (layer F.SilkS) (width 0.12))
    (fp_line (start 3.471 1.04) (end 3.471 3.704) (layer F.SilkS) (width 0.12))
    (fp_line (start 3.471 -3.704) (end 3.471 -1.04) (layer F.SilkS) (width 0.12))
    (fp_line (start 3.431 1.04) (end 3.431 3.722) (layer F.SilkS) (width 0.12))
    (fp_line (start 3.431 -3.722) (end 3.431 -1.04) (layer F.SilkS) (width 0.12))
    (fp_line (start 3.391 1.04) (end 3.391 3.74) (layer F.SilkS) (width 0.12))
    (fp_line (start 3.391 -3.74) (end 3.391 -1.04) (layer F.SilkS) (width 0.12))
    (fp_line (start 3.351 1.04) (end 3.351 3.757) (layer F.SilkS) (width 0.12))
    (fp_line (start 3.351 -3.757) (end 3.351 -1.04) (layer F.SilkS) (width 0.12))
    (fp_line (start 3.311 1.04) (end 3.311 3.774) (layer F.SilkS) (width 0.12))
    (fp_line (start 3.311 -3.774) (end 3.311 -1.04) (layer F.SilkS) (width 0.12))
    (fp_line (start 3.271 1.04) (end 3.271 3.79) (layer F.SilkS) (width 0.12))
    (fp_line (start 3.271 -3.79) (end 3.271 -1.04) (layer F.SilkS) (width 0.12))
    (fp_line (start 3.231 1.04) (end 3.231 3.805) (layer F.SilkS) (width 0.12))
    (fp_line (start 3.231 -3.805) (end 3.231 -1.04) (layer F.SilkS) (width 0.12))
    (fp_line (start 3.191 1.04) (end 3.191 3.821) (layer F.SilkS) (width 0.12))
    (fp_line (start 3.191 -3.821) (end 3.191 -1.04) (layer F.SilkS) (width 0.12))
    (fp_line (start 3.151 1.04) (end 3.151 3.835) (layer F.SilkS) (width 0.12))
    (fp_line (start 3.151 -3.835) (end 3.151 -1.04) (layer F.SilkS) (width 0.12))
    (fp_line (start 3.111 1.04) (end 3.111 3.85) (layer F.SilkS) (width 0.12))
    (fp_line (start 3.111 -3.85) (end 3.111 -1.04) (layer F.SilkS) (width 0.12))
    (fp_line (start 3.071 1.04) (end 3.071 3.863) (layer F.SilkS) (width 0.12))
    (fp_line (start 3.071 -3.863) (end 3.071 -1.04) (layer F.SilkS) (width 0.12))
    (fp_line (start 3.031 1.04) (end 3.031 3.877) (layer F.SilkS) (width 0.12))
    (fp_line (start 3.031 -3.877) (end 3.031 -1.04) (layer F.SilkS) (width 0.12))
    (fp_line (start 2.991 1.04) (end 2.991 3.889) (layer F.SilkS) (width 0.12))
    (fp_line (start 2.991 -3.889) (end 2.991 -1.04) (layer F.SilkS) (width 0.12))
    (fp_line (start 2.951 1.04) (end 2.951 3.902) (layer F.SilkS) (width 0.12))
    (fp_line (start 2.951 -3.902) (end 2.951 -1.04) (layer F.SilkS) (width 0.12))
    (fp_line (start 2.911 1.04) (end 2.911 3.914) (layer F.SilkS) (width 0.12))
    (fp_line (start 2.911 -3.914) (end 2.911 -1.04) (layer F.SilkS) (width 0.12))
    (fp_line (start 2.871 1.04) (end 2.871 3.925) (layer F.SilkS) (width 0.12))
    (fp_line (start 2.871 -3.925) (end 2.871 -1.04) (layer F.SilkS) (width 0.12))
    (fp_line (start 2.831 1.04) (end 2.831 3.936) (layer F.SilkS) (width 0.12))
    (fp_line (start 2.831 -3.936) (end 2.831 -1.04) (layer F.SilkS) (width 0.12))
    (fp_line (start 2.791 1.04) (end 2.791 3.947) (layer F.SilkS) (width 0.12))
    (fp_line (start 2.791 -3.947) (end 2.791 -1.04) (layer F.SilkS) (width 0.12))
    (fp_line (start 2.751 1.04) (end 2.751 3.957) (layer F.SilkS) (width 0.12))
    (fp_line (start 2.751 -3.957) (end 2.751 -1.04) (layer F.SilkS) (width 0.12))
    (fp_line (start 2.711 1.04) (end 2.711 3.967) (layer F.SilkS) (width 0.12))
    (fp_line (start 2.711 -3.967) (end 2.711 -1.04) (layer F.SilkS) (width 0.12))
    (fp_line (start 2.671 1.04) (end 2.671 3.976) (layer F.SilkS) (width 0.12))
    (fp_line (start 2.671 -3.976) (end 2.671 -1.04) (layer F.SilkS) (width 0.12))
    (fp_line (start 2.631 1.04) (end 2.631 3.985) (layer F.SilkS) (width 0.12))
    (fp_line (start 2.631 -3.985) (end 2.631 -1.04) (layer F.SilkS) (width 0.12))
    (fp_line (start 2.591 1.04) (end 2.591 3.994) (layer F.SilkS) (width 0.12))
    (fp_line (start 2.591 -3.994) (end 2.591 -1.04) (layer F.SilkS) (width 0.12))
    (fp_line (start 2.551 1.04) (end 2.551 4.002) (layer F.SilkS) (width 0.12))
    (fp_line (start 2.551 -4.002) (end 2.551 -1.04) (layer F.SilkS) (width 0.12))
    (fp_line (start 2.511 1.04) (end 2.511 4.01) (layer F.SilkS) (width 0.12))
    (fp_line (start 2.511 -4.01) (end 2.511 -1.04) (layer F.SilkS) (width 0.12))
    (fp_line (start 2.471 1.04) (end 2.471 4.017) (layer F.SilkS) (width 0.12))
    (fp_line (start 2.471 -4.017) (end 2.471 -1.04) (layer F.SilkS) (width 0.12))
    (fp_line (start 2.43 -4.024) (end 2.43 4.024) (layer F.SilkS) (width 0.12))
    (fp_line (start 2.39 -4.03) (end 2.39 4.03) (layer F.SilkS) (width 0.12))
    (fp_line (start 2.35 -4.037) (end 2.35 4.037) (layer F.SilkS) (width 0.12))
    (fp_line (start 2.31 -4.042) (end 2.31 4.042) (layer F.SilkS) (width 0.12))
    (fp_line (start 2.27 -4.048) (end 2.27 4.048) (layer F.SilkS) (width 0.12))
